%Config File created in 2019-05-02 16:33:29
udp.listenport=9001
udp.broadcastport=9005
udp.sensor.listener=5007
udp.sendinterval=50
tracker.mergedistance=0.3
tracker.confidencethreshold=10
kinect.DESKTOP-PPJILDO=DESKTOP-PPJILDO;-0.4250895;1.545422;2.241291;-0.04883137;-0.9515098;0.1374718;-0.2708248
